포켓몬 CP순위‮‮‮‮‮‮‮‮‮‮‮‮‮‮‮‮‮‮‮‮‮‮‮‮‮‮‮‮‮‮‮‮‮‮‮‮‮‮‮‮‮‮‮‮‮‮‮‮‮‮‮‮‮‮‮‮‮‮‮‮‮‮‮‮‮‮‮‮‮‮‮‮‮‮‮‮‮‮‮‮‮‮‮‮‮‮‮‮‮‮‮‮‮‮‮‮‮‮‮‮‮‮‮‮‮‮‮‮‮‮‮‮‮‮‮‮‮‮‮‮‮‮‮‮‮‮‮‮‮‮‮‮‮‮‮‮‮‮‮‮‮‮‮‮‮‮‮‮‮‮‮‮‮‮‮‮‮‮‮‮‮‮‮‮‮‮‮‮‮‮‮‮‮‮‮‮‮‮‮‮‮‮‮‮‮‮‮‮‮‮‮‮‮‮‮‮‮‮‮‮‮‮‮‮‮‮‮‮‮‮‮‮‮‮‮‮‮‮‮‮‮‮‮‮‮‮‮‮‮‮‮‮‮‮‮‮‮‮‮‮‮‮‮‮‮‮‮‮‮‮‮‮‮‮‮‮‮‮‮‮‮‮‮‮‮‮‮‮‮‮‮‮‮‮‮‮‮‮‮‮‮‮‮‮‮‮‮‮‮‮‮‮‮‮‮‮‮‮‮‮‮‮‮‮‮‮‮‮‮‮‮‮‮‮‮‮‮‮‮‮‮‮‮‮‮‮‮‮‮‮‮‮‮‮‮‮‮‮‮‮‮‮‮‮‮‮‮‮‮‮‮‮‮‮‮‮‮‮‮‮‮‮‮‮‮‮‮‮‮‮‮‮‮‮‮‮‮‮‮‮‮‮‮‮‮‮‮‮‮‮‮‮‮‮‮‮‮‮‮‮‮‮‮‮‮‮‮‮‮‮‮‮‮‮‮‮‮‮‮‮‮‮‮‮‮‮‮‮‮‮‮‮‮‮‮‮‮‮‮‮‮‮‮‮‮‮‮‮‮‮‮‮‮‮‮‮‮‮‮‮‮‮‮‮‮‮‮‮‮‮‮‮‮‮‮‮‮‮‮‮‮‮‮‮‮‮‮‮‮‮‮‮‮‮‮‮‮‮‮‮‮‮‮‮‮‮‮‮‮‮‮‮‮‮‮‮‮‮‮‮‮‮‮‮‮‮‮‮‮‮‮‮‮‮‮‮‮‮‮‮‮‮‮‮‮‮‮‮‮‮‮‮‮‮‮‮‮‮‮‮‮‮‮‮‮‮‮‮‮‮‮‮‮‮‮‮‮‮‮‮‮‮‮‮‮‮‮‮‮‮‮‮‮‮‮‮‮‮‮‮‮‮‮‮‮‮‮‮‮‮‮‮‮‮‮‮‮‮‮‮‮‮‮‮‮‮‮‮‮‮‮‮‮‮‮‮‮‮‮‮‮‮‮‮‮‮‮‮‮‮‮‮‮‮‮‮‮‮‮‮‮‮‮‮‮‮‮‮‮‮‮‮‮‮‮‮‮‮‮‮‮‮‮‮‮‮‮‮‮‮‮‮‮‮‮‮‮‮‮‮‮‮‮‮‮‮‮‮‮‮‮‮‮‮‮‮‮‮‮‮‮‮‮‮‮‮‮‮‮‮‮‮‮‮‮‮‮‮‮‮‮‮‮‮‮‮‮‮‮‮‮‮‮‮‮‮‮‮‮‮‮‮‮‮‮‮‮‮‮‮‮‮‮‮‮‮‮‮‮‮‮‮‮‮‮‮‮‮‮‮‮‮‮‮‮‮‮‮‮‮‮‮‮‮‮‮‮‮‮‮‮‮‮‮‮‮‮‮‮‮‮‮‮‮‮‮‮‮‮‮‮‮‮‮‮‮‮‮‮‮‮‮‮‮‮‮‮‮‮‮‮‮‮‮‮‮‮‮‮‮‮‮‮‮‮‮‮‮‮‮‮‮‮‮‮‮‮‮‮‮‮‮‮‮‮‮‮‮‮‮‮‮‮‮‮‮‮‮‮‮‮‮‮‮‮‮‮‮‮‮‮‮‮‮‮‮‮‮‮‮‮‮‮‮‮‮‮‮‮‮‮‮‮‮‮‮‮‮‮‮‮‮‮‮‮‮‮‮‮‮‮‮‮‮‮‮‮‮‮‮‮‮‮‮‮‮‮‮‮‮‮‮‮‮‮‮‮‮‮‮‮‮‮‮‮‮‮‮‮‮‮‮‮‮‮‮‮‮‮‮

#	최대 CP POKÉMON
1	4,431 게을킹
2	4,346 레지기가스
3	4,178 뮤츠
4	4,115 그란돈
5	4,115 가이오가
6	4,038 디아루가
7	3,991 펄기아
8	3,989 아르세우스
9	3,962 한카리아스
10	3,863 칠색조
11	3,835 레쿠쟈
12	3,834 마기라스
13	3,812 라티오스
14	3,792 망나뇽
15	3,791 메타그로스
16	3,754 히드런
17	3,749 보만다
18	3,739 다크라이
19	3,733 거대코뿌리
20	3,703 루기아
21	3,599 멜메탈
22	3,527 썬더
23	3,510 라티아스
24	3,473 앤테이
25	3,465 파이어
26	3,452 라이코
27	3,391 갸라도스
28	3,379 기라티나
29	3,332 토게키스
30	3,328 맘모꾸리
31	3,298 램펄드
32	3,266 폴리곤Z
33	3,265 쉐이미
34	3,265 마나피
35	3,265 지라치
36	3,265 세레비
37	3,265 뮤
38	3,225 잠만보
39	3,210 아그놈
40	3,205 자포코일
41	3,179 코뿌리
42	3,170 에브이
43	3,160 테오키스
44	3,132 마그마번
45	3,126 글레이시아
46	3,122 레지아이스
47	3,122 레지락
48	3,114 샤미드
49	3,101 헤라크로스
50	3,093 엘레이드
51	3,093 가디안
52	3,085 하마돈
53	3,079 에레키블
54	3,058 엠라이트
55	3,057 후딘
56	3,056 괴력몬
57	3,051 프리져
58	3,030 덩쿠림보
59	3,029 부스터
60	3,029 윈디
61	3,014 나시
62	3,013 코리갑
63	3,005 포푸니라
64	3,005 밀로틱
65	3,001 핫삼
66	3,000 보스로라
67	2,983 스이쿤
68	2,974 대짱이
69	2,971 로즈레이드
70	2,959 쁘사이저
71	2,949 딱구리
72	2,946 메가자리
73	2,945 링곰
74	2,944 리피아
75	2,934 토대부기
76	2,900 엠페르트
77	2,889 블레이범
78	2,889 리자몽
79	2,888 렌트라
80	2,888 쥬피썬더
81	2,878 팬텀
82	2,857 크레세리아
83	2,857 장크로다일
84	2,852 전룡
85	2,848 아말도
86	2,848 번치코
87	2,829 하리뭉
88	2,829 킹크랩
89	2,825 찌르호크
90	2,786 암스타
91	2,783 프테라
92	2,757 나무킹
93	2,757 해피너스
94	2,757 질뻐기
95	2,726 씨카이저
96	2,720 이상해꽃
97	2,713 투구푸스
98	2,711 돈크로우
99	2,711 폴리곤2
100	2,706 스라크
101	2,703 루카리오
102	2,692 글라이온
103	2,683 초염몽
104	2,661 플라이곤
105	2,646 크로뱃
106	2,641 킹드라
107	2,641 라프라스
108	2,635 헬가
109	2,628 버섯모
110	2,620 켄타로스
111	2,615 무우마직
112	2,586 캥카
113	2,586 강챙이
114	2,584 아쿠스타
115	2,576 시라소몬
116	2,567 니드킹
117	2,559 라플레시아
118	2,555 루주라
119	2,552 그랑블루
120	2,547 파르셀
121	2,545 야도킹
122	2,545 야도란
123	2,528 시라칸
124	2,526 앱솔
125	2,524 유크시
126	2,494 분홍장이
127	2,488 독개굴
128	2,488 니드퀸
129	2,485 레어코일
130	2,474 가재장군
131	2,467 내룸벨트
132	2,466 거북왕
133	2,461 날쌩마
134	2,453 드래피온
135	2,450 골덕
136	2,449 왕구리
137	2,447 레지스틸
138	2,443 플로젤
139	2,437 픽시
140	2,431 우츠보트
141	2,422 독파리
142	2,418 겟핸보숭
143	2,418 쟝고
144	2,414 강철톤
145	2,410 메가니움
146	2,394 마그마
147	2,388 야느와르몽
148	2,382 둥실라이드
149	2,374 고지
150	2,369 피그킹
151	2,362 눈설왕
152	2,362 두트리오
153	2,358 스컹탱크
154	2,354 밀탱크
155	2,347 폭음룡
156	2,345 메꾸리
157	2,340 헌테일
158	2,340 썬더볼트
159	2,334 에레브
160	2,333 다탱구
161	2,332 홍수몬
162	2,327 솔록
163	2,327 루나톤
164	2,324 트리토돈
165	2,323 로파파
166	2,315 대포무노
167	2,298 다크펫
168	2,298 밤선인
169	2,293 또도가스
170	2,288 성원숭
171	2,282 쏘콘
172	2,281 아르코
173	2,280 고래왕
174	2,279 나인테일
175	2,270 비나방
176	2,259 치렁
177	2,239 동탁군
178	2,238 덩쿠리
179	2,228 마임맨
180	2,211 릴리요
181	2,193 폭타
182	2,188 네이티오
183	2,182 라이츄
184	2,181 샤크니아
185	2,164 노라키
186	2,162 왕콘치
187	2,159 무스틈니
188	2,156 카포에라
189	2,148 꼬지모
190	2,141 해루미
191	2,137 블래키
192	2,129 피죤투
193	2,127 패리퍼
194	2,108 무장조
195	2,108 만타인
196	2,105 피오네
197	2,105 얼음귀신
198	2,105 세비퍼
199	2,099 붐볼
200	2,093 코터스
201	2,093 시드라
202	2,090 슬리퍼
203	2,085 랜턴
204	2,082 도나리
205	2,080 대코파스
206	2,075 메깅
207	2,072 화강돌
208	2,059 이어롭
209	2,059 윤겔라
210	2,056 갱도라
211	2,051 포푸니
212	2,051 침바루
213	2,048 체리꼬
214	2,047 켈리몬
215	2,046 키링키
216	2,040 눈여아
217	2,031 로토무
218	2,031 쉘곤
219	2,031 근육몬
220	2,024 야부엉
221	2,005 비퀸
222	2,004 파비코리
223	1,997 깨비드릴조
224	1,992 누오
225	1,985 쥬레곤
226	1,978 꿀꺽몬
227	1,976 골뱃
228	1,971 점토도리
229	1,969 아이스크
230	1,968 발바로
231	1,963 고우스트
232	1,953 몬냥이
233	1,941 트로피우스
234	1,926 그라에나
235	1,926 무우마
236	1,926 푸크린
237	1,921 아보크
238	1,920 스왈로
239	1,897 데구리
240	1,892 먹고자
241	1,890 수풀부기
242	1,874 한바이트
243	1,870 로젤리아
244	1,859 파라섹트
245	1,857 글라이거
246	1,846 독침붕
247	1,835 텅구리
248	1,827 버터플
249	1,823 비버통
250	1,820 두개도스
251	1,815 나메일
252	1,814 네오라이트
253	1,791 페라페
254	1,780 신뇽
255	1,778 플러시
256	1,776 늪짱이
257	1,773 도롱마담
258	1,772 아리아도스
259	1,771 네오비트
260	1,771 볼비트
261	1,766 데기라스
262	1,765 뷰티플라이
263	1,758 다꼬리
264	1,730 레트라
265	1,722 엘리게이
266	1,721 메탕구
267	1,720 폴리곤
268	1,714 씨레오
269	1,708 토게틱
270	1,702 마그카르고
271	1,701 팽태자
272	1,699 이상해풀
273	1,697 포니타
274	1,694 마이농
275	1,689 노고치
276	1,689 페르시온
277	1,681 냄새꼬
278	1,673 나무돌이
279	1,662 직구리
280	1,653 귀뚤톡크
281	1,653 마그케인
282	1,653 리자드
283	1,652 영치코
284	1,651 뿔카노
285	1,636 솜솜코
286	1,634 입치트
287	1,632 캐스퐁
288	1,611 우츠동
289	1,591 미라몽
290	1,588 마릴리
291	1,574 파이숭이
292	1,562 니로우
293	1,561 크랩
294	1,557 닥트리오
295	1,544 암나이트
296	1,539 바리톱스
297	1,529 아노딥스
298	1,521 보송송
299	1,496 델케티
300	1,488 어니부기
301	1,486 럭시오
302	1,476 깜까미
303	1,470 왕자리
304	1,468 고래왕자
305	1,454 베이리프
306	1,431 요가램
307	1,419 슈륙챙이
308	1,411 내루미
309	1,393 니드리노
310	1,378 코산호
311	1,374 질퍽이
312	1,370 투구
313	1,362 코일
314	1,358 히포포타스
315	1,348 에이팜
316	1,346 레디안
317	1,342 캐이시
318	1,334 피그점프
319	1,328 깜지곰
320	1,327 노공룡
321	1,323 마그비
322	1,309 니드리나
323	1,307 가보리
324	1,302 꼬지지
325	1,299 찌르버드
326	1,293 꼬마돌
327	1,291 릴링
328	1,291 뽀뽀라
329	1,278 알통몬
330	1,274 톱치
331	1,270 진주몽
332	1,261 모래두지
333	1,258 이어롤
334	1,255 럭키
335	1,248 타만타
336	1,243 가디
337	1,242 선인왕
338	1,237 블루
339	1,236 파오리
340	1,234 델빌
341	1,230 가재군
342	1,229 고오스
343	1,228 뚜벅쵸
344	1,227 잎새코
345	1,226 야돈
346	1,225 비브라바
347	1,224 독케일
348	1,220 얼루기
349	1,214 또가스
350	1,213 파치리스
351	1,206 에레키드
352	1,206 코코리
353	1,200 두두
354	1,197 흔들풍손
355	1,197 로토스
356	1,194 피죤
357	1,187 모부기
358	1,185 안농
359	1,175 아라리
360	1,164 망키
361	1,159 눈쓰개
362	1,157 별가사리
363	1,156 아공이
364	1,155 삐삐
365	1,152 콘치
366	1,151 스컹뿡
367	1,136 깝질무
368	1,131 리아코
369	1,128 물짱이
370	1,119 초라기
371	1,115 이상해씨
372	1,112 딥상어동
373	1,108 피콘
374	1,106 고라파덕
375	1,102 네이티
376	1,101 롱스톤
377	1,095 흉내내
378	1,094 딜리버드
379	1,093 아차모
380	1,080 셀러
381	1,075 팽도리
382	1,071 이브이
383	1,068 멜탄
384	1,057 둔타
385	1,056 쏘드라
386	1,054 브이젤
387	1,053 나무지기
388	1,040 애버라스
389	1,040 슬리프
390	1,040 왕눈해
391	1,033 모다피
392	1,026 마자용
393	1,020 샤프니아
394	1,019 탕구리
395	1,018 어둠대신
396	1,018 파라스
397	1,010 찌리리공
398	1,009 스콜피
399	1,005 랑딸랑
400	1,004 미뇽
401	1,004 콘팡
402	1,002 게을로
403	993 리오르
404	993 코코파스
405	991 메리프
406	980 브케인
407	980 파이리
408	976 메탕
409	976 두코
410	971 형광어
411	971 쥬쥬
412	966 킬리아
413	965 썬더라이
414	962 대굴레오
415	957 불꽃숭이
416	952 삐딱구리
417	950 체리버
418	946 꼬부기
419	938 피카츄
420	935 치코리타
421	934 나옹마
422	927 아보
423	912 총어
424	895 마그마그
425	890 방패톱스
426	888 눈꼬마
427	883 식스테일
428	876 꼬링크
429	866 꼴깍몬
430	860 니드런♂
431	856 꼬몽울
432	848 사랑동이
433	832 메타몽
434	829 발챙이
435	824 파비코
436	819 미꾸리
437	817 마크탕
438	816 페이검
439	816 니드런♀
440	810 버섯꼬
441	798 깨비참
442	791 비구술
443	787 오뚝군
444	768 토중몬
445	765 갈모매
446	765 테일로
447	748 나옹
448	741 꾸꾸리
449	739 에나비
450	734 꼬렛
451	728 레디바
452	724 푸린
453	721 비버니
454	719 찌르꼬
455	706 해골몽
456	693 요가랑
457	680 구구
458	678 포챠나
459	677 부우부
460	676 디그다
461	671 소곤룡
462	671 삐
463	667 주뱃
464	657 토게피
465	641 우파
466	618 꼬리선
467	603 동미러
468	600 통통코
469	598 도토링
470	598 연꽃몬
471	578 개무소
472	553 카스쿤
473	553 실쿤
474	539 랄토스
475	535 푸푸린
476	534 마자
477	508 지그제구리
478	494 세꿀버리
479	492 배루키
480	488 도롱충이
481	473 피츄
482	461 마릴
483	456 뿔충이
484	450 단데기
485	437 캐터피
486	432 딱충이
487	431 루브도
488	405 단단지
489	401 귀뚤뚜기
490	395 해너츠
491	393 껍질몬
492	371 핑복
493	364 루리리
494	274 빈티나
495	274 잉어킹